4.484043121337890625e-01
4.704083204269409180e-01
3.098788261413574219e-01
1.097017526626586914e-01
4.372340440750122070e-01
3.000215291976928711e-01
4.683423042297363281e-02
3.562611341476440430e-01
1.721076965332031250e-01
3.753135204315185547e-01
-2.900876402854919434e-01
-4.389009475708007812e-01
-5.762493610382080078e-02
3.160570859909057617e-01
-7.622361183166503906e-03
2.563512325286865234e-01
5.240143537521362305e-01
4.600745439529418945e-01
4.571646451950073242e-01
7.463481426239013672e-01
8.568290472030639648e-01
7.899907827377319336e-01
1.070877671241760254e+00
9.563912153244018555e-01
1.007413506507873535e+00
9.918669462203979492e-01
1.142466187477111816e+00
6.676219701766967773e-01
7.199662923812866211e-01
6.863934993743896484e-01
5.333718061447143555e-01
8.670291900634765625e-01
9.030644893646240234e-01
9.513727426528930664e-01
5.928053855895996094e-01
5.658181905746459961e-01
7.563810348510742188e-01
6.390584707260131836e-01
6.623412370681762695e-01
6.929597854614257812e-01
8.490899801254272461e-01
1.069059491157531738e+00
9.533752202987670898e-01
5.623484849929809570e-01
4.729185104370117188e-01
3.152395486831665039e-01
7.329742908477783203e-01
6.997588872909545898e-01
8.705884218215942383e-01
6.833857297897338867e-01
6.344195604324340820e-01
5.820800065994262695e-01
1.932715177536010742e-01
5.162845849990844727e-01
3.219325542449951172e-01
4.751006364822387695e-01
6.011611223220825195e-01
3.393205404281616211e-01
9.186893701553344727e-01
7.555294036865234375e-01
7.423690557479858398e-01
3.998472690582275391e-01
3.689438104629516602e-01
2.958930730819702148e-01
5.687431097030639648e-01
3.945471048355102539e-01
5.765883922576904297e-01
-8.781063556671142578e-02
-3.861421942710876465e-01
-2.843301296234130859e-01
4.195997714996337891e-01
-1.205832362174987793e-01
1.685353517532348633e-01
1.127880811691284180e-01
6.289429664611816406e-01
2.081668376922607422e-02
2.262486219406127930e-01
6.232768297195434570e-01
9.026635885238647461e-01
8.153669834136962891e-01
7.534145116806030273e-01
9.998720884323120117e-01
8.687485456466674805e-01
6.290286779403686523e-01
9.633709192276000977e-01
1.138642430305480957e+00
1.095097899436950684e+00
1.124003529548645020e+00
1.084991574287414551e+00
1.204268574714660645e+00
1.284505248069763184e+00
1.382028222084045410e+00
9.878062009811401367e-01
1.025641798973083496e+00
2.250505685806274414e-01
4.598706960678100586e-01
5.599492788314819336e-01
6.953707933425903320e-01
7.463797330856323242e-01
7.369246482849121094e-01
6.481066942214965820e-01
6.896158456802368164e-01
7.314838171005249023e-01
5.660399198532104492e-01
8.011578321456909180e-01
1.048959612846374512e+00
1.086571812629699707e+00
1.073013901710510254e+00
1.174060940742492676e+00
8.779617547988891602e-01
1.035070061683654785e+00
9.946233034133911133e-01
1.162003159523010254e+00
3.340393304824829102e-01
1.382791996002197266e-02
3.489434719085693359e-02
-4.191482067108154297e-02
1.106108427047729492e-01
1.358941793441772461e-01
5.057014226913452148e-01
6.733207702636718750e-01
1.902176141738891602e-01
-4.394769668579101562e-02
3.301988840103149414e-01
3.036049604415893555e-01
3.253203630447387695e-01
6.016756296157836914e-01
7.682991027832031250e-01
9.322305917739868164e-01
7.487176656723022461e-01
1.044359803199768066e+00
1.424897789955139160e+00
1.219263672828674316e+00
1.299258351325988770e+00
1.268011689186096191e+00
1.514851689338684082e+00
6.984317302703857422e-01
9.970437288284301758e-01
1.262626290321350098e+00
4.836915731430053711e-01
7.669049501419067383e-01
-6.510584354400634766e-01
-7.628704309463500977e-01
3.234542608261108398e-01
7.606263160705566406e-01
-5.313199758529663086e-01
4.849120378494262695e-01
4.649227857589721680e-01
1.008175492286682129e+00
-9.852592945098876953e-01
-2.265056133270263672e+00
-1.102573394775390625e+00
-6.708029508590698242e-01
-1.196452140808105469e+00
-1.050056457519531250e+00
-1.722929120063781738e+00
-1.805794477462768555e+00
-1.502640962600708008e+00
-1.395286321640014648e+00
-1.514591693878173828e+00
-2.504671573638916016e+00
-1.519378542900085449e+00
-3.669951558113098145e-01
-6.883525848388671875e-02
-1.039761304855346680e-01
2.881895303726196289e-01
6.773136854171752930e-01
5.430659055709838867e-01
6.210014820098876953e-01
7.479679584503173828e-01
8.725298643112182617e-01
5.070412158966064453e-01
4.698486328125000000e-01
1.170540928840637207e+00
1.054909348487854004e+00
1.028651356697082520e+00
9.338160753250122070e-01
1.188947796821594238e+00
5.726256370544433594e-01
1.023081898689270020e+00
6.730657815933227539e-01
1.304270148277282715e+00
1.287583947181701660e+00
2.259069681167602539e-01
8.632198572158813477e-01
6.735213994979858398e-01
8.184267282485961914e-01
3.619216680526733398e-01
8.222343921661376953e-01
3.908048868179321289e-01
5.539005994796752930e-01
9.064089059829711914e-01
6.668263673782348633e-01
5.200413465499877930e-01
5.918031930923461914e-01
3.177038431167602539e-01
9.907364845275878906e-02
2.658643722534179688e-01
-5.154757499694824219e-01
7.311367988586425781e-02
-1.177577376365661621e-01
7.806837558746337891e-02
3.662836551666259766e-01
-9.091401100158691406e-02
-1.419042348861694336e-01
3.598698377609252930e-01
2.934324741363525391e-02
9.323990345001220703e-02
-2.377646565437316895e-01
-5.037113428115844727e-01
-1.837446212768554688e+00
-8.453005552291870117e-01
-2.302205562591552734e-02
1.228812932968139648e-01
-1.190781593322753906e-03
2.484427690505981445e-01
4.636272192001342773e-01
4.564768075942993164e-01
5.249588489532470703e-01
3.249877691268920898e-01
7.053176164627075195e-01
7.493191957473754883e-01
-7.819026708602905273e-02
-1.685939908027648926e+00
-9.984898567199707031e-02
4.079715013504028320e-01
3.144934177398681641e-01
7.193359136581420898e-01
7.125729322433471680e-01
4.125486612319946289e-01
2.167214155197143555e-01
-4.519096612930297852e-01
-1.432891726493835449e+00
-1.026437759399414062e+00
-8.400969505310058594e-01
-5.511891841888427734e-01
-4.421743154525756836e-01
1.040050983428955078e-01
5.598127841949462891e-02
1.266230344772338867e-01
4.750069379806518555e-01
4.259940385818481445e-01
1.694095134735107422e-02
-7.671775817871093750e-01
-1.180975198745727539e+00
-1.059909105300903320e+00
-7.908145785331726074e-01
1.796126365661621094e-02
-3.842971920967102051e-01
-3.198444843292236328e-02
3.455129861831665039e-01
8.717335462570190430e-01
3.484083414077758789e-01
7.134466171264648438e-01
-4.775227308273315430e-01
6.671845912933349609e-02
2.698909044265747070e-01
7.600928544998168945e-01
-2.457261681556701660e-01
4.868495464324951172e-02
2.710319757461547852e-01
5.614120960235595703e-01
8.086369037628173828e-01
4.104424715042114258e-01
4.049950838088989258e-01
1.400424838066101074e+00
1.217532038688659668e+00
7.793332338333129883e-01
7.256891727447509766e-01
2.178304195404052734e-01
8.709229230880737305e-01
4.644465446472167969e-02
2.320748567581176758e-01
1.603294610977172852e-01
4.774332046508789062e-03
-1.917631030082702637e-01
3.624502420425415039e-01
-5.388867855072021484e-02
-2.668416500091552734e-01
-4.476954936981201172e-01
-4.118812084197998047e-02
-4.104837179183959961e-01
-3.360956907272338867e-01
-4.780395030975341797e-01
-2.737752199172973633e-01
-4.972178339958190918e-01
-1.031737327575683594e-01
1.068941354751586914e-01
1.088644266128540039e-01
-7.924582958221435547e-01
-1.572222709655761719e-01
-3.939953446388244629e-01
3.584672212600708008e-01
9.368635416030883789e-01
3.310056924819946289e-01
6.188087463378906250e-01
4.577372074127197266e-01
8.549729585647583008e-01
9.864839315414428711e-01
9.900394678115844727e-01
4.398826360702514648e-01
7.928479909896850586e-01
8.284580707550048828e-02
-4.091768264770507812e-01
-1.211289286613464355e+00
-1.877805829048156738e+00
-1.105132460594177246e+00
-2.115756988525390625e+00
-6.708514690399169922e-02
-1.737244606018066406e+00
-1.145131111145019531e+00
-2.798531055450439453e-01
-2.973155975341796875e-01
-1.118856072425842285e-01
2.484949827194213867e-01
1.950100660324096680e-01
3.566470146179199219e-01
3.787828683853149414e-01
4.856938123703002930e-01
5.534265041351318359e-01
3.712500333786010742e-01
4.491891860961914062e-01
6.497915983200073242e-01
7.235181331634521484e-01
1.256505370140075684e+00
3.498649597167968750e-01
-1.346823692321777344e+00
4.181170463562011719e-02
5.496437549591064453e-01
-1.896175146102905273e+00
9.877812862396240234e-02
6.054211854934692383e-01
6.606165170669555664e-01
6.727445125579833984e-01
3.859159946441650391e-01
1.762539148330688477e-01
7.471846342086791992e-01
1.187682271003723145e+00
5.966731309890747070e-01
4.570707082748413086e-01
4.155998229980468750e-01
2.833346128463745117e-01
1.250317454338073730e+00
1.060340523719787598e+00
4.725886583328247070e-01
8.795486688613891602e-01
9.330860376358032227e-01
6.216793060302734375e-01
7.161120176315307617e-01
8.083291053771972656e-01
4.433170557022094727e-01
7.527339458465576172e-02
4.620991945266723633e-01
7.355922460556030273e-01
-1.087260246276855469e-02
2.307301759719848633e-01
5.478954315185546875e-01
5.954277515411376953e-02
1.030851602554321289e-01
8.288596868515014648e-01
1.168670058250427246e+00
1.512900590896606445e-01
4.831250905990600586e-01
8.203635215759277344e-01
7.360297441482543945e-01
1.149157881736755371e+00
1.073228001594543457e+00
7.537633180618286133e-01
3.437873125076293945e-01
9.255858659744262695e-01
1.625331997871398926e+00
7.322776317596435547e-01
1.142795681953430176e+00
9.007116556167602539e-01
1.127615571022033691e+00
1.236226439476013184e+00
8.067889213562011719e-01
1.029915452003479004e+00
1.249839425086975098e+00
5.725487470626831055e-01
2.766679525375366211e-01
6.772060394287109375e-01
9.349888563156127930e-01
1.015965580940246582e+00
1.049842715263366699e+00
6.037846803665161133e-01
9.290744066238403320e-01
1.219369053840637207e+00
1.074466824531555176e+00
1.015679478645324707e+00
9.943257570266723633e-01
7.017375230789184570e-01
9.916659593582153320e-01
8.714408874511718750e-01
1.075449347496032715e+00
5.562262535095214844e-01
1.022268652915954590e+00
1.092299103736877441e+00
9.570080041885375977e-01
8.761667013168334961e-01
5.227720737457275391e-01
-2.152679562568664551e-01
4.969519376754760742e-01
6.155661344528198242e-01
8.295191526412963867e-01
2.370814085006713867e-01
4.684377908706665039e-01
2.235556840896606445e-01
3.748869895935058594e-02
-1.055653214454650879e+00
-1.092425107955932617e+00
-1.063778996467590332e-01
1.979097127914428711e-01
7.312041521072387695e-01
6.468029022216796875e-01
-3.622245788574218750e-02
-1.207422018051147461e-01
3.366082906723022461e-01
8.250582218170166016e-02
-1.056313872337341309e+00
1.371906995773315430e-01
3.659774065017700195e-01
6.153136491775512695e-01
-4.314011931419372559e-01
-5.895646810531616211e-01
-7.152553796768188477e-01
-3.551813960075378418e-01
1.859722137451171875e-01
-6.436221599578857422e-01
-1.056642293930053711e+00
-1.516736507415771484e+00
-1.629571676254272461e+00
-1.461326122283935547e+00
-5.456501245498657227e-01
1.250644922256469727e-01
1.754561662673950195e-01
3.157079219818115234e-02
-3.707230091094970703e-02
-6.561185717582702637e-01
-3.609217405319213867e-01
2.074360847473144531e-01
-4.175149798393249512e-01
-4.297717809677124023e-01
-2.281935214996337891e-01
2.210408449172973633e-01
4.849432706832885742e-01
5.047070980072021484e-01
-3.563087582588195801e-01
-1.170032024383544922e-01
2.978892326354980469e-01
4.207309484481811523e-01
5.392179489135742188e-01
3.856685161590576172e-01
5.112570524215698242e-01
6.954078674316406250e-01
7.654035091400146484e-01
5.132588148117065430e-01
8.700802326202392578e-01
6.645416021347045898e-01
8.715250492095947266e-01
-5.459308028221130371e-01
-1.321406126022338867e+00
-7.587856054306030273e-01
-8.570160269737243652e-01
-1.200830459594726562e+00
-7.191281318664550781e-01
3.162286281585693359e-01
-3.335430026054382324e-01
-1.039300560951232910e-01
-2.962682247161865234e-01
-1.884224414825439453e-01
-1.468879699707031250e+00
-9.149739146232604980e-01
-2.131649255752563477e-01
2.625596523284912109e-01
4.605458974838256836e-01
-7.080417275428771973e-01
-9.890493154525756836e-01
-7.326796650886535645e-01
-1.286884784698486328e+00
-1.561733722686767578e+00
-1.002619266510009766e+00
-1.658198118209838867e+00
-2.820758104324340820e+00
-1.200354218482971191e+00
2.748095989227294922e-02
1.953886747360229492e-01
-5.288398265838623047e-02
-2.420361042022705078e-01
1.706951856613159180e-01
-2.624751329421997070e-01
-4.659056663513183594e-03
6.031748056411743164e-01
8.141506910324096680e-01
6.714832782745361328e-01
9.696546792984008789e-01
6.828035116195678711e-01
9.429379701614379883e-01
5.308274030685424805e-01
3.700109720230102539e-01
4.920393228530883789e-01
4.957187175750732422e-02
-1.039610743522644043e+00
-5.516436100006103516e-01
-6.789243221282958984e-01
-2.506704330444335938e-01
1.156915426254272461e-01
-7.786672711372375488e-01
-6.229797005653381348e-01
1.800218820571899414e-01
-2.131231427192687988e-01
4.012560844421386719e-01
6.169216632843017578e-01
-1.841906309127807617e-01
3.569411039352416992e-01
5.634117126464843750e-01
1.002649188041687012e+00
1.055899024009704590e+00
1.002948403358459473e+00
9.988635778427124023e-01
7.505215406417846680e-01
7.201125621795654297e-01
5.182105302810668945e-01
-8.496421575546264648e-02
-1.060433864593505859e+00
-7.893643975257873535e-01
2.718944549560546875e-01
7.336932420730590820e-01
-9.930415153503417969e-01
-4.375135898590087891e-01
-3.335950374603271484e-01
3.043535947799682617e-01
4.299260377883911133e-01
5.413450002670288086e-01
-1.092650175094604492e+00
-1.942088603973388672e+00
-3.504702448844909668e-01
-1.407926440238952637e+00
-1.014167785644531250e+00
-1.670214653015136719e+00
-2.817392826080322266e+00
-7.013752460479736328e-01
-3.300739526748657227e-01
-7.649422883987426758e-01
9.354102611541748047e-02
7.919840812683105469e-01
5.973272323608398438e-01
1.894265413284301758e-01
5.016096830368041992e-01
7.994123697280883789e-01
-7.824787497520446777e-01
-3.983867168426513672e-02
1.286764144897460938e-01
3.341259956359863281e-01
-2.021601796150207520e-01
-1.531610965728759766e+00
-2.656192779541015625e+00
-1.797120094299316406e+00
-1.258041620254516602e+00
-8.536587357521057129e-01
-1.815149188041687012e-01
-3.673256039619445801e-01
-1.781149387359619141e+00
-1.215819358825683594e+00
-2.620653510093688965e-01
-1.598083972930908203e-02
2.597638368606567383e-01
6.485594511032104492e-01
3.713369369506835938e-04
-5.985104441642761230e-01
-5.772609114646911621e-01
2.375842332839965820e-01
6.483799219131469727e-01
2.642346620559692383e-01
5.335108041763305664e-01
-3.498661518096923828e-02
5.048431158065795898e-01
1.949417591094970703e-01
5.116807222366333008e-01
1.265414953231811523e-01
-2.065397500991821289e-01
-1.172969818115234375e+00
-1.848577260971069336e+00
-2.947505474090576172e+00
-2.154471397399902344e+00
-9.051492214202880859e-01
-6.901599168777465820e-01
-1.298449993133544922e+00
-1.762914657592773438e+00
-6.362901926040649414e-01
-1.677017450332641602e+00
-2.384873628616333008e+00
-1.695032835006713867e+00
-1.524878621101379395e+00
-8.840479254722595215e-01
-3.075457215309143066e-01
-7.044481635093688965e-01
1.220295429229736328e-01
1.039507389068603516e-01
-6.899092793464660645e-01
3.551526069641113281e-01
4.391964673995971680e-01
9.016176462173461914e-01
9.736729860305786133e-01
6.675869226455688477e-01
4.744445085525512695e-01
-1.417334675788879395e-01
-1.141791582107543945e+00
-4.276702404022216797e-01
-9.620040655136108398e-02
2.476090192794799805e-01
2.487052679061889648e-01
4.335606098175048828e-02
-5.093905925750732422e-01
-1.844850420951843262e+00
-9.493125081062316895e-01
-1.179903626441955566e+00
-1.134417295455932617e+00
-5.641080737113952637e-01
-7.183049321174621582e-01
-1.203805088996887207e+00
-2.168649673461914062e+00
-9.016636610031127930e-01
-6.429273486137390137e-01
-4.571966528892517090e-01
-1.424810647964477539e+00
-6.252481937408447266e-01
-1.650540232658386230e+00
-1.561815977096557617e+00
-1.805445671081542969e+00
-6.952995061874389648e-01
-7.098489403724670410e-01
-1.159358024597167969e+00
-1.068972826004028320e+00
-1.393746972084045410e+00
-3.904883265495300293e-01
1.291710138320922852e-01
6.863948106765747070e-01
9.572955369949340820e-01
8.671237230300903320e-01
6.910283565521240234e-01
1.065044999122619629e+00
5.327998399734497070e-01
7.318854331970214844e-01
5.713689327239990234e-02
-1.332952380180358887e+00
-1.110280275344848633e+00
-4.581100344657897949e-01
-1.003686189651489258e+00
-5.361119508743286133e-01
-4.715280532836914062e-01
-3.214770555496215820e-01
-4.796130061149597168e-01
-5.718045830726623535e-01
-4.493548274040222168e-01
-1.060085058212280273e+00
-2.139010429382324219e+00
-1.946663618087768555e+00
-1.571044445037841797e+00
-5.916791558265686035e-01
-1.926199793815612793e-01
2.724789381027221680e-01
7.115471363067626953e-02
3.295625448226928711e-01
2.829909324645996094e-01
-1.080704331398010254e-01
3.849587440490722656e-01
6.509258747100830078e-01
7.773979902267456055e-01
6.490348577499389648e-01
8.120454549789428711e-01
4.983907938003540039e-01
7.265952825546264648e-01
5.720093250274658203e-01
6.792533397674560547e-02
3.634122610092163086e-01
4.886739253997802734e-01
5.634386539459228516e-01
-1.479445099830627441e-01
4.464495182037353516e-02
4.627987146377563477e-01
5.822714567184448242e-01
4.656471014022827148e-01
7.793227434158325195e-01
5.352655649185180664e-01
-2.576649188995361328e-02
7.605230808258056641e-02
6.206297874450683594e-02
-1.703395843505859375e-01
2.603888511657714844e-02
7.364000082015991211e-01
7.030732631683349609e-01
-2.066910266876220703e-02
-2.528109550476074219e-01
-1.173527956008911133e+00
1.580277681350708008e-01
1.278320550918579102e-01
5.993105173110961914e-01
6.279863119125366211e-01
5.079778432846069336e-01
2.694684267044067383e-01
1.665484905242919922e-02
-2.088367342948913574e-01
1.852798461914062500e-02
-2.197744250297546387e-01
1.290556192398071289e-01
2.692265510559082031e-01
4.295183420181274414e-01
3.892711400985717773e-01
2.756792306900024414e-01
4.014679193496704102e-01
3.875794410705566406e-01
4.382665157318115234e-01
2.045730352401733398e-01
3.458462953567504883e-01
3.624345064163208008e-01
4.738382101058959961e-01
3.137909173965454102e-01
-1.342472434043884277e-01
4.300684928894042969e-01
7.870427370071411133e-01
5.007864236831665039e-01
5.846329927444458008e-01
5.060740709304809570e-01
7.272721529006958008e-01
3.439508676528930664e-01
2.850805521011352539e-01
7.109153270721435547e-01
4.668494462966918945e-01
-1.615557074546813965e-01
2.639923095703125000e-01
8.747565746307373047e-02
2.650907039642333984e-01
2.911394834518432617e-01
2.236808538436889648e-01
3.039717674255371094e-01
2.840963602066040039e-01
1.355828046798706055e-01
-2.353689670562744141e-01
-2.801053524017333984e-01
1.889717578887939453e-02
-4.997368454933166504e-01
1.900314092636108398e-01
5.234020948410034180e-01
7.654941082000732422e-01
5.209358930587768555e-01
8.875370025634765625e-02
-6.956745982170104980e-01
-1.113300919532775879e-01
1.143275499343872070e-01
2.599332332611083984e-01
6.739783287048339844e-02
2.112683057785034180e-01
-1.916900277137756348e-01
-1.147839784622192383e+00
-1.041608691215515137e+00
-2.981548309326171875e-01
3.485876321792602539e-01
3.493723869323730469e-01
5.659340620040893555e-01
3.173199892044067383e-01
3.652477264404296875e-01
1.173695325851440430e-01
1.762351989746093750e-01
3.968745470046997070e-01
4.001129865646362305e-01
-1.851781010627746582e-01
-5.765634179115295410e-01
1.636291742324829102e-01
1.644039154052734375e-02
4.647581577301025391e-01
2.811808586120605469e-01
-2.238237857818603516e-02
1.477088928222656250e-01
2.024822235107421875e-01
-1.261079788208007812e+00
-1.455662608146667480e+00
-1.241875886917114258e+00
2.025818824768066406e-01
1.640313863754272461e-01
3.092930316925048828e-01
6.453999280929565430e-01
5.295928716659545898e-01
6.896475553512573242e-01
4.251259565353393555e-01
-8.523279428482055664e-02
-2.885488867759704590e-01
1.317757368087768555e-01
-4.405188560485839844e-01
-1.744168996810913086e+00
-1.267530560493469238e+00
-1.055056214332580566e+00
-6.314452886581420898e-01
-1.248757481575012207e+00
-2.439911842346191406e+00
-1.169487953186035156e+00
-1.175405621528625488e+00
-1.549334406852722168e+00
-5.866498947143554688e-01
-1.481393575668334961e-01
3.978964090347290039e-01
3.783805370330810547e-01
6.204816102981567383e-01
4.767736196517944336e-01
4.729760885238647461e-01
-3.009744882583618164e-01
-4.748625755310058594e-01
5.654680728912353516e-02
2.203327417373657227e-01
-1.073459386825561523e-01
-1.322893619537353516e+00
-9.328926801681518555e-01
-2.611958980560302734e-02
1.648873090744018555e-01
5.656576156616210938e-01
4.202557802200317383e-01
4.526661634445190430e-01
6.336024999618530273e-01
7.161253690719604492e-01
8.616102933883666992e-01
7.530807256698608398e-01
5.590344667434692383e-01
6.993497610092163086e-01
7.468281984329223633e-01
1.008507847785949707e+00
3.411709070205688477e-01
5.879199504852294922e-01
5.300626754760742188e-01
8.634418249130249023e-01
5.842986106872558594e-01
5.890661478042602539e-01
4.898624420166015625e-01
7.644339799880981445e-01
6.790475845336914062e-01
5.241903066635131836e-01
8.262697458267211914e-01
3.695586919784545898e-01
3.367818593978881836e-01
3.855736255645751953e-01
2.699023485183715820e-01
5.497881174087524414e-01
7.957557439804077148e-01
9.880298376083374023e-01
2.960137128829956055e-01
-1.910945177078247070e-01
5.574252605438232422e-01
-2.438222765922546387e-01
-1.159885048866271973e+00
-2.240001201629638672e+00
-5.483675003051757812e-01
-8.917635083198547363e-01
-1.660451412200927734e+00
-2.208163738250732422e+00
-4.400569796562194824e-01
1.493942737579345703e-02
4.511654376983642578e-02
5.520683526992797852e-01
6.411763429641723633e-01
7.575695514678955078e-01
5.086091756820678711e-01
-3.340273499488830566e-01
-4.171934127807617188e-01
1.268452405929565430e-01
3.414926528930664062e-01
6.105577945709228516e-02
3.058065176010131836e-01
-2.302089333534240723e-01
1.970909833908081055e-01
3.914941549301147461e-01
-3.459045290946960449e-01
-1.409132957458496094e+00
-7.044085264205932617e-01
3.357390165328979492e-01
6.999273300170898438e-01
4.680010080337524414e-01
6.488921642303466797e-01
7.973202466964721680e-01
4.220527410507202148e-01
-8.771242499351501465e-01
-2.290332317352294922e-02
1.907829046249389648e-01
-7.332723140716552734e-01
2.942168712615966797e-02
1.469168663024902344e-01
2.071583271026611328e-02
3.833850622177124023e-01
3.422021865844726562e-01
2.962144613265991211e-01
5.596281290054321289e-01
3.166520595550537109e-01
4.025164842605590820e-01
1.824474334716796875e-01
4.781314134597778320e-01
2.186427116394042969e-01
1.460556983947753906e-01
-2.185940742492675781e-03
2.478686571121215820e-01
5.578767061233520508e-01
-8.136623501777648926e-01
-1.732416272163391113e+00
-2.205049514770507812e+00
-8.768776059150695801e-01
-1.271811485290527344e+00
-9.116488695144653320e-02
-8.722960948944091797e-02
3.271217346191406250e-01
3.568160533905029297e-01
4.049727916717529297e-01
3.114163875579833984e-01
2.574156522750854492e-01
3.102480173110961914e-01
2.859967947006225586e-01
-3.940124511718750000e-01
-1.174377799034118652e-01
-1.649845838546752930e-01
-5.544362664222717285e-01
-1.633006572723388672e+00
-6.757233738899230957e-01
-2.345116138458251953e-01
-1.702358126640319824e-01
-1.138232946395874023e-01
-1.356066107749938965e+00
-1.852011322975158691e+00
-1.320660591125488281e+00
-2.355717420578002930e-01
-2.709857821464538574e-01
1.173213720321655273e-01
-1.558416485786437988e-01
-2.102141976356506348e-01
-9.114652872085571289e-02
2.991575002670288086e-01
3.333106040954589844e-01
2.340751886367797852e-01
-9.493675231933593750e-01
-2.330988645553588867e-01
2.338315248489379883e-01
1.601108312606811523e-01
4.399816989898681641e-01
-9.455758333206176758e-02
-1.821578741073608398e-01
-3.358990550041198730e-01
-6.971251368522644043e-01
-2.852613329887390137e-01
-3.098385334014892578e-01
-3.383949995040893555e-01
-3.625004291534423828e-01
2.123652696609497070e-01
-2.783768773078918457e-01
3.614065647125244141e-01
7.269282341003417969e-01
5.886160135269165039e-01
1.064397931098937988e+00
6.319893598556518555e-01
8.800383806228637695e-01
6.730388402938842773e-01
3.939477205276489258e-01
1.230961084365844727e-01
2.613731622695922852e-01
-3.184126615524291992e-01
2.328724861145019531e-01
1.121040582656860352e-01
1.882468461990356445e-01
5.069844722747802734e-01
7.184394598007202148e-01
-4.896662235260009766e-01
-1.036648035049438477e+00
4.856683015823364258e-01
-8.955456614494323730e-01
-4.783070683479309082e-01
-2.071095705032348633e-01
-6.325312852859497070e-01
-5.395944714546203613e-01
8.884418010711669922e-02
2.380805015563964844e-01
3.675699234008789062e-03
-2.823120355606079102e-01
-5.491894483566284180e-01
-3.013428449630737305e-01
-9.416131973266601562e-01
-1.940277218818664551e+00
-1.199068427085876465e+00
-1.524143218994140625e-01
2.072722911834716797e-01
1.052510738372802734e-02
3.855926990509033203e-01
3.354355096817016602e-01
5.120496749877929688e-01
4.915164709091186523e-01
2.719163894653320312e-04
-5.407631397247314453e-01
-3.565180301666259766e-02
2.580132484436035156e-01
3.881280422210693359e-01
3.320325613021850586e-01
-7.276359796524047852e-01
-2.293382287025451660e-01
-3.562515377998352051e-01
3.936803340911865234e-02
5.618710517883300781e-01
2.063723802566528320e-01
5.147935152053833008e-01
4.448560476303100586e-01
4.805680513381958008e-01
2.992085218429565430e-01
-3.670070171356201172e-01
-1.433458924293518066e-01
-4.359369874000549316e-01
7.180130481719970703e-02
1.772767305374145508e-01
5.403000116348266602e-01
2.215713262557983398e-01
5.152550935745239258e-01
7.046622037887573242e-01
8.016434907913208008e-01
7.436972856521606445e-01
8.674150705337524414e-01
9.888724088668823242e-01
6.130635738372802734e-02
8.318680524826049805e-01
7.386156320571899414e-01
9.840022325515747070e-01
6.847158670425415039e-01
7.539830207824707031e-01
8.943310976028442383e-01
3.777365684509277344e-01
1.714123487472534180e-01
1.842974424362182617e-01
4.405049085617065430e-01
-9.598912000656127930e-01
-5.599495768547058105e-01
-8.868026733398437500e-02
-4.847204685211181641e-02
2.183206081390380859e-01
4.991081953048706055e-01
6.910706758499145508e-01
5.364012718200683594e-02
-1.139613270759582520e+00
3.664457798004150391e-02
-1.051331281661987305e+00
-1.275268077850341797e+00
-2.638348937034606934e-01
4.273853302001953125e-01
7.993134260177612305e-01
7.076073884963989258e-01
7.220560312271118164e-01
-1.458140015602111816e-01
4.683116674423217773e-01
4.386500120162963867e-01
4.486128091812133789e-01
6.186736822128295898e-01
6.057075262069702148e-01
9.295824766159057617e-01
4.669929742813110352e-01
2.083516120910644531e-01
4.342403411865234375e-01
-5.730737447738647461e-01
2.802166938781738281e-01
7.743579149246215820e-01
3.817610740661621094e-01
-1.542639136314392090e-01
5.069164037704467773e-01
7.012380361557006836e-01
5.134979486465454102e-01
3.853213787078857422e-02
-5.058564543724060059e-01
8.244668245315551758e-01
1.112832188606262207e+00
3.348189592361450195e-01
6.708943843841552734e-02
5.743037462234497070e-01
1.170946717262268066e+00
9.481846094131469727e-01
6.952798366546630859e-01
2.679649591445922852e-01
4.375764131546020508e-01
3.074841499328613281e-01
1.389539241790771484e-01
-7.191815376281738281e-01
4.429066181182861328e-02
-4.190087318420410156e-03
3.081060647964477539e-01
4.311350584030151367e-01
7.069361209869384766e-02
-5.781168937683105469e-01
2.746559381484985352e-01
7.039369344711303711e-01
1.057392477989196777e+00
8.417305946350097656e-01
1.206174969673156738e+00
1.369316697120666504e+00
4.684982299804687500e-01
8.449229001998901367e-01
3.178769350051879883e-01
6.446884870529174805e-01
3.576945066452026367e-01
1.120170712471008301e+00
8.929311037063598633e-01
1.533657312393188477e-01
7.338547706604003906e-01
6.633101701736450195e-01
5.277448892593383789e-01
7.212094068527221680e-01
2.764123678207397461e-01
1.215031027793884277e+00
1.185660243034362793e+00
4.457262754440307617e-01
4.662549495697021484e-02
-2.496560811996459961e-01
-4.379042387008666992e-01
-5.899322032928466797e-02
-2.125421762466430664e-01
2.352257966995239258e-01
1.866017580032348633e-01
4.789626598358154297e-01
3.661209344863891602e-01
3.584560155868530273e-01
5.537045001983642578e-02
5.719034671783447266e-01
5.615460872650146484e-01
2.751744985580444336e-01
7.536360025405883789e-01
3.155453205108642578e-01
7.635985612869262695e-01
4.251505136489868164e-01
7.342734336853027344e-01
3.463684320449829102e-01
1.044560670852661133e-01
4.754701852798461914e-01
2.729433774948120117e-01
3.426293134689331055e-01
2.238869667053222656e-03
-8.942741155624389648e-02
-5.720150470733642578e-02
3.615911006927490234e-01
2.966459989547729492e-01
8.113051652908325195e-01
9.787977933883666992e-01
7.200188636779785156e-01
9.544745683670043945e-01
8.930133581161499023e-01
1.330556035041809082e+00
8.017669916152954102e-01
1.180274367332458496e+00
-1.947865486145019531e-01
5.626136064529418945e-01
-3.294360637664794922e-02
3.395479917526245117e-01
4.585864543914794922e-01
9.851361513137817383e-01
5.209385156631469727e-01
-7.455033063888549805e-02
-1.115953564643859863e+00
-3.390221595764160156e-01
1.492215394973754883e-01
7.717406749725341797e-02
3.587481975555419922e-01
4.704431295394897461e-01
2.685247659683227539e-01
1.884266138076782227e-01
1.459004878997802734e-01
3.456430435180664062e-01
1.397187709808349609e-01
6.314015388488769531e-01
6.503740549087524414e-01
1.406102538108825684e+00
1.258801341056823730e+00
1.307848095893859863e+00
1.121093869209289551e+00
4.303528070449829102e-01
1.240315437316894531e-01
4.280029535293579102e-01
3.150097131729125977e-01
4.866856336593627930e-01
5.441323518753051758e-01
8.560749292373657227e-01
1.041931033134460449e+00
1.117416501045227051e+00
1.118748307228088379e+00
1.114287972450256348e+00
1.016429543495178223e+00
1.063700795173645020e+00
1.271109223365783691e+00
1.178308129310607910e+00
1.197125792503356934e+00
1.013787388801574707e+00
5.904356241226196289e-01
7.325609922409057617e-01
1.027183651924133301e+00
8.055651187896728516e-02
3.289591073989868164e-01
4.480341672897338867e-01
-3.578102588653564453e-02
2.634403705596923828e-01
-5.343306064605712891e-02
1.068389415740966797e-01
-3.884401917457580566e-01
8.312022686004638672e-02
3.489316701889038086e-01
5.874205827713012695e-01
4.734872579574584961e-01
-6.082355976104736328e-02
2.066112756729125977e-01
4.492702484130859375e-01
4.763519763946533203e-02
-3.941265940666198730e-01
-1.010502696037292480e+00
-5.045115947723388672e-01
-4.812516570091247559e-01
4.266034364700317383e-01
3.395603895187377930e-01
1.599884033203125000e-02
-8.447623252868652344e-02
-2.170125246047973633e-01
-1.438498497009277344e-02
2.079619169235229492e-01
3.115423917770385742e-01
6.599295139312744141e-01
1.385972499847412109e-01
6.038236618041992188e-02
1.016893386840820312e-01
-1.257860660552978516e-02
-6.683552265167236328e-02
-2.029922604560852051e-01
7.581962347030639648e-01
8.317772150039672852e-01
7.814604043960571289e-01
5.997852087020874023e-01
8.230375051498413086e-01
3.781291246414184570e-01
9.041867256164550781e-01
7.723891735076904297e-01
1.072557091712951660e+00
9.754458665847778320e-01
6.889833211898803711e-01
8.263690471649169922e-01
8.286305665969848633e-01
7.848670482635498047e-01
2.018395662307739258e-01
3.935819864273071289e-01
5.076612234115600586e-01
3.730831146240234375e-01
2.212709188461303711e-01
5.444090366363525391e-01
-5.720725059509277344e-01
-8.705536127090454102e-01
-1.349032998085021973e+00
-1.829822897911071777e+00
-1.684116601943969727e+00
-2.349730491638183594e+00
-1.376985073089599609e+00
-2.074708938598632812e-01
5.331354141235351562e-01
6.604446172714233398e-01
8.565267324447631836e-01
7.762421369552612305e-01
9.674919843673706055e-01
1.072799801826477051e+00
1.096304774284362793e+00
9.560080766677856445e-01
8.054076433181762695e-01
7.065718173980712891e-01
4.946690797805786133e-01
7.725069522857666016e-01
3.127827644348144531e-01
5.220986604690551758e-01
8.906137943267822266e-01
4.635468721389770508e-01
4.246195554733276367e-01
7.582855224609375000e-02
1.359657049179077148e-01
2.048884630203247070e-01
7.233413457870483398e-01
5.793806314468383789e-01
5.603178739547729492e-01
9.018343687057495117e-01
6.649498939514160156e-01
5.580674409866333008e-01
8.227368593215942383e-01
7.019963264465332031e-01
4.752091169357299805e-01
-9.798240661621093750e-02
5.334782600402832031e-02
-5.304143428802490234e-01
2.414133548736572266e-01
-2.434448003768920898e-01
-2.100598216056823730e-01
-5.650472640991210938e-01
-2.539517879486083984e-01
-4.573001861572265625e-01
-6.267215013504028320e-01
-1.689422130584716797e-01
-7.130249142646789551e-01
-1.153022885322570801e+00
-1.010348320007324219e+00
-1.444948434829711914e+00
-1.188006162643432617e+00
-1.419837951660156250e+00
-2.124514102935791016e+00
-2.415688753128051758e+00
-2.556581020355224609e+00
-2.677238941192626953e+00
-1.361494541168212891e+00
-9.048187732696533203e-01
-3.045297265052795410e-01
-1.308894634246826172e+00
-5.969523191452026367e-01
-9.476977586746215820e-01
-1.044182062149047852e+00
-5.735530257225036621e-01
-1.836109519004821777e+00
-1.396214246749877930e+00
-7.239388823509216309e-01
-2.700210809707641602e-01
-5.016273260116577148e-01
-6.206132173538208008e-01
-3.355363607406616211e-01
-8.564011454582214355e-01
-9.352725148200988770e-01
-5.373964309692382812e-01
-6.494639515876770020e-01
-6.151019334793090820e-01
-2.112209796905517578e-01
1.544226408004760742e-01
-9.333962202072143555e-02
-1.202677488327026367e-01
1.023590564727783203e-02
3.568630218505859375e-01
4.308886528015136719e-01
2.447881698608398438e-01
1.710814237594604492e-01
-3.107988834381103516e-02
-1.568912863731384277e-01
9.552133083343505859e-02
4.951095581054687500e-02
-1.041690349578857422e+00
-1.510900735855102539e+00
-8.340458273887634277e-01
-1.173282861709594727e-01
-3.533881306648254395e-01
-1.240160465240478516e-01
2.105809450149536133e-01
3.591712713241577148e-01
2.645976543426513672e-01
-1.685822010040283203e-02
5.862236022949218750e-02
-5.063618421554565430e-01
-8.898001909255981445e-01
5.710124969482421875e-03
1.096004247665405273e-01
-5.175452232360839844e-01
-6.113896965980529785e-01
-8.736031055450439453e-01
-1.260892748832702637e+00
-1.536671996116638184e+00
-1.060447454452514648e+00
-1.157263636589050293e+00
-1.044421195983886719e+00
-7.450371384620666504e-01
-5.140242576599121094e-01
-6.314373016357421875e-02
2.254477739334106445e-01
-2.565808892250061035e-01
-2.183197736740112305e-01
-5.852770805358886719e-01
-2.747362256050109863e-01
-6.767267584800720215e-01
-1.142523884773254395e-01
-4.358410835266113281e-03
-5.086373090744018555e-01
-5.133748054504394531e-02
-8.330276608467102051e-01
-6.019365787506103516e-02
3.205934762954711914e-01
-1.773861646652221680e-01
-1.496479511260986328e-01
-3.795007467269897461e-01
-2.440635561943054199e-01
-4.129832983016967773e-01
-1.129572153091430664e+00
-7.993321418762207031e-01
-4.024233818054199219e-01
-9.482347965240478516e-02
-6.462510824203491211e-01
-4.261863231658935547e-02
-1.040352821350097656e+00
-1.478621721267700195e+00
-1.824633836746215820e+00
-6.678323745727539062e-01
-3.691995739936828613e-01
6.468427181243896484e-02
4.365826845169067383e-01
1.972318887710571289e-01
-6.865156888961791992e-01
-1.148818969726562500e+00
-2.377850055694580078e+00
-3.062145233154296875e+00
-2.019871711730957031e+00
-1.772240877151489258e+00
-1.623441457748413086e+00
-1.531583309173583984e+00
-1.267114639282226562e+00
-1.585288524627685547e+00
-1.418908953666687012e+00
-1.719336748123168945e+00
-1.544380903244018555e+00
-8.188816905021667480e-01
-6.373240947723388672e-01
-4.465403556823730469e-01
-6.970469951629638672e-01
-4.886367321014404297e-01
-1.065831422805786133e+00
-7.083250284194946289e-01
-3.808495998382568359e-01
-5.696802139282226562e-01
-7.492435574531555176e-01
-6.927219033241271973e-01
-1.964825510978698730e+00
-1.625527143478393555e+00
-1.719093918800354004e+00
-1.685194015502929688e+00
-1.392502784729003906e+00
-8.948963284492492676e-01
-8.209543824195861816e-01
-5.165271162986755371e-01
-7.917046546936035156e-01
-6.712844371795654297e-01
-2.511168122291564941e-01
3.955252170562744141e-01
-3.919545412063598633e-01
-9.614275693893432617e-01
-1.345880270004272461e+00
-1.467144370079040527e+00
-8.813158273696899414e-01
-8.909674882888793945e-01
-1.201368331909179688e+00
-1.000892877578735352e+00
-1.293781042098999023e+00
-1.592429280281066895e+00
-1.398848056793212891e+00
-1.190605759620666504e+00
-8.964563608169555664e-01
-1.095826625823974609e+00
-1.551029562950134277e+00
-1.594060063362121582e+00
-9.724251627922058105e-01
-7.281377315521240234e-01
-4.785139560699462891e-01
-8.163949847221374512e-01
-1.176154613494873047e+00
-3.148820996284484863e-01
-2.677684426307678223e-01
-3.301136493682861328e-01
-1.695353984832763672e-01
-2.228146791458129883e-01
-9.587711095809936523e-02
1.901251077651977539e-01
-1.885809302330017090e-01
1.777930259704589844e-01
4.291895627975463867e-01
2.472590208053588867e-01
5.620366334915161133e-01
7.629905939102172852e-01
5.689128637313842773e-01
2.859734296798706055e-01
4.215270280838012695e-01
-3.133021593093872070e-01
1.441240310668945312e-02
-4.506106376647949219e-01
2.466355562210083008e-01
7.768797874450683594e-02
2.289787530899047852e-01
1.381794214248657227e-01
4.403795003890991211e-01
3.388797044754028320e-01
1.259717941284179688e-01
8.986473083496093750e-03
-3.596847057342529297e-01
-2.196586132049560547e-02
4.943400621414184570e-01
4.821050167083740234e-02
2.762869596481323242e-01
-5.252575874328613281e-02
2.949836254119873047e-01
4.459389448165893555e-01
5.047359466552734375e-01
3.329061269760131836e-01
3.520513772964477539e-01
5.832432508468627930e-01
6.516504287719726562e-01
3.294687271118164062e-01
5.689519643783569336e-01
4.756582975387573242e-01
4.251332283020019531e-01
-1.225715875625610352e-01
-7.192509174346923828e-01
-1.083655595779418945e+00
-5.428242087364196777e-01
-6.468305587768554688e-01
-1.098897457122802734e-01
1.303147077560424805e-01
5.034339427947998047e-02
4.288448095321655273e-01
6.351710557937622070e-01
2.419284582138061523e-01
9.609605073928833008e-01
6.255955696105957031e-01
4.054259061813354492e-01
8.392082452774047852e-01
7.006620168685913086e-01
3.707259893417358398e-01
5.794003009796142578e-01
9.286836385726928711e-01
7.823270559310913086e-01
2.185286283493041992e-01
6.221476793289184570e-01
-2.326346039772033691e-01
3.191232681274414062e-04
2.532457113265991211e-01
4.052994251251220703e-01
2.076340913772583008e-01
2.301582098007202148e-01
2.395520210266113281e-01
1.961262226104736328e-01
1.885699033737182617e-01
5.110927820205688477e-01
3.603729009628295898e-01
7.324706315994262695e-01
7.608339786529541016e-01
1.289532184600830078e-01
7.352554798126220703e-01
-5.212799310684204102e-01
-2.311015129089355469e-02
5.942885875701904297e-01
7.686204910278320312e-01
5.566515922546386719e-01
1.038862586021423340e+00
7.221188545227050781e-01
2.317568063735961914e-01
5.445538759231567383e-01
8.735798597335815430e-01
8.961157798767089844e-01
8.285826444625854492e-01
4.818207025527954102e-01
-2.334201335906982422e-01
-1.185425758361816406e+00
-1.603835105895996094e+00
-3.504028320312500000e-01
5.036215782165527344e-01
5.062376260757446289e-01
-3.528318405151367188e-01
-1.460146665573120117e+00
-2.492128372192382812e+00
-1.984418153762817383e+00
-1.633345365524291992e+00
-1.421508431434631348e+00
-1.162028431892395020e+00
-1.337001562118530273e+00
-1.047040224075317383e+00
-6.560955643653869629e-01
-8.569322824478149414e-01
-6.058429479598999023e-01
-3.593615293502807617e-01
-5.143103599548339844e-01
-1.286717057228088379e-01
-7.194316387176513672e-02
1.496208906173706055e-01
3.862837553024291992e-01
5.787110328674316406e-01
6.099833250045776367e-01
8.672701120376586914e-01
8.513706922531127930e-01
6.836686134338378906e-01
-1.351938247680664062e-01
-3.157317638397216797e-01
-1.742565035820007324e-01
-1.194586515426635742e+00
-1.729294300079345703e+00
-2.336719036102294922e+00
-3.205679893493652344e+00
-1.265368342399597168e+00
-2.692330479621887207e-01
2.920780181884765625e-01
4.888130426406860352e-01
6.390047073364257812e-01
7.337591648101806641e-01
7.175657749176025391e-01
5.458287000656127930e-01
5.126322507858276367e-01
6.407238245010375977e-01
7.727671861648559570e-01
1.161010265350341797e-01
-2.055107355117797852e-01
-1.006540536880493164e+00
-1.367664694786071777e+00
-1.552613019943237305e+00
-1.459368824958801270e+00
-1.087193489074707031e+00
-7.132866382598876953e-01
-3.482266664505004883e-01
-1.161185145378112793e+00
-7.239317297935485840e-01
-2.378641366958618164e-01
-1.152006387710571289e-01
6.526176929473876953e-01
3.223667144775390625e-01
2.480208873748779297e-01
1.832376718521118164e-01
-1.917040348052978516e-02
1.580357551574707031e-02
2.341938018798828125e-02
1.802951097488403320e-01
2.538288831710815430e-01
5.335456132888793945e-01
3.221746683120727539e-01
-3.245674371719360352e-01
4.098759889602661133e-01
7.383532524108886719e-01
1.063155293464660645e+00
1.020198941230773926e+00
1.185534834861755371e+00
1.219597220420837402e+00
1.253852486610412598e+00
1.018071293830871582e+00
1.483409523963928223e+00
1.318500638008117676e+00
1.258440613746643066e+00
1.388635754585266113e+00
1.439090847969055176e+00
1.175256371498107910e+00
1.302079319953918457e+00
1.377453923225402832e+00
1.530519843101501465e+00
1.390514016151428223e+00
1.678930401802062988e+00
1.723377346992492676e+00
1.720460057258605957e+00
1.281651616096496582e+00
1.814829945564270020e+00
1.620789647102355957e+00
1.317814230918884277e+00
1.333895802497863770e+00
1.049613118171691895e+00
1.271533608436584473e+00
1.327173829078674316e+00
1.401344418525695801e+00
1.284271359443664551e+00
1.780249238014221191e+00
1.515330433845520020e+00
1.032500147819519043e+00
3.859217166900634766e-01
-1.161241650581359863e+00
-2.043415546417236328e+00
-1.563194155693054199e+00
-2.407293319702148438e+00
-1.444721817970275879e-01
5.892981290817260742e-01
3.629337549209594727e-01
2.316023111343383789e-01
5.602211952209472656e-01
5.784589052200317383e-01
9.214376211166381836e-01
5.484312772750854492e-01
-5.463957786560058594e-03
1.641043424606323242e-01
-2.004730701446533203e-02
2.714394330978393555e-01
6.342085599899291992e-01
1.209615468978881836e-01
-3.999390602111816406e-01
1.407490968704223633e-01
6.736630201339721680e-01
7.989040613174438477e-01
4.155256748199462891e-01
5.224117040634155273e-01
4.683409929275512695e-01
9.256417751312255859e-01
9.480568170547485352e-01
1.287409186363220215e+00
1.258619427680969238e+00
7.657796144485473633e-01
1.029677987098693848e+00
1.449237942695617676e+00
1.373768925666809082e+00
9.619022607803344727e-01
7.995668649673461914e-01
9.666358232498168945e-01
1.240988373756408691e+00
9.673138856887817383e-01
9.233566522598266602e-01
1.551839470863342285e+00
1.532087922096252441e+00
1.179205536842346191e+00
1.359182238578796387e+00
1.211942315101623535e+00
9.027080535888671875e-01
1.173321366310119629e+00
1.264429211616516113e+00
-5.099905133247375488e-01
-6.720879673957824707e-01
-6.180730462074279785e-01
2.148377895355224609e-01
-1.631712913513183594e-01
5.171828269958496094e-01
6.401680707931518555e-01
7.548962831497192383e-01
1.057906746864318848e+00
1.058509945869445801e+00
1.244919657707214355e+00
1.591167807579040527e+00
1.382451176643371582e+00
1.188549160957336426e+00
9.072562456130981445e-01
6.838902235031127930e-01
-1.280407905578613281e-01
-2.766218185424804688e-01
-1.619778513908386230e+00
-1.602595686912536621e+00
2.849107980728149414e-01
-1.402526855468750000e+00
-1.591309309005737305e+00
-6.297264099121093750e-01
-5.751865506172180176e-01
-1.009195089340209961e+00
-1.932969331741333008e+00
-1.184837341308593750e+00
-7.609222531318664551e-01
-4.583123922348022461e-01
2.876960039138793945e-01
5.367239713668823242e-01
1.233438253402709961e-01
-9.354478120803833008e-02
-1.901750564575195312e-01
4.792193174362182617e-01
7.074195146560668945e-01
9.558757543563842773e-01
1.217346787452697754e+00
1.174956440925598145e+00
1.322838187217712402e+00
1.223080039024353027e+00
1.261390328407287598e+00
7.373310327529907227e-01
8.394397497177124023e-01
2.402328252792358398e-01
8.528088331222534180e-01
7.754207849502563477e-01
7.078895568847656250e-01
7.629815340042114258e-01
1.110885262489318848e+00
1.297902464866638184e+00
8.312309980392456055e-01
1.668585419654846191e+00
1.213995575904846191e+00
1.212916493415832520e+00
8.852748870849609375e-01
7.260724306106567383e-01
7.810822725296020508e-01
8.980611562728881836e-01
8.007327318191528320e-01
-5.238493680953979492e-01
-3.096841573715209961e-01
-1.075060844421386719e+00
-1.433828353881835938e+00
-7.570677995681762695e-01
-2.275978922843933105e-01
8.004772663116455078e-02
-1.461895942687988281e+00
-4.127215743064880371e-01
-7.142884731292724609e-01
-1.469875454902648926e+00
5.971014499664306641e-02
3.977185487747192383e-01
1.239041090011596680e-01
2.193108797073364258e-01
-1.486845612525939941e-01
-3.670419454574584961e-01
4.268977642059326172e-01
-1.750891804695129395e-01
-3.849283456802368164e-01
-1.270514249801635742e+00
-6.018775701522827148e-01
-1.250212669372558594e+00
-7.349681854248046875e-02
-1.812029719352722168e+00
-5.276187062263488770e-01
-1.197544932365417480e+00
-1.193928003311157227e+00
2.153669595718383789e-01
1.338500857353210449e+00
1.167766690254211426e+00
1.416220784187316895e+00
1.190779328346252441e+00
1.240155339241027832e+00
2.858672142028808594e-01
-3.315574526786804199e-01
-5.225408077239990234e-02
5.953804254531860352e-01
1.238954186439514160e+00
1.125427842140197754e+00
-1.126160621643066406e-01
3.500224351882934570e-01
7.794795036315917969e-01
9.885045289993286133e-01
1.310778498649597168e+00
1.306775212287902832e+00
1.467012047767639160e+00
1.381073594093322754e+00
1.257360816001892090e+00
1.325083374977111816e+00
1.359923481941223145e+00
1.058432221412658691e+00
1.140735030174255371e+00
7.946963310241699219e-01
1.456844806671142578e-01
2.815612554550170898e-01
8.815450668334960938e-01
1.238233685493469238e+00
7.629646062850952148e-01
1.646329164505004883e-01
-2.038109540939331055e+00
-1.098060011863708496e+00
-2.272570133209228516e-01
-7.866492867469787598e-01
5.522502660751342773e-01
6.249645948410034180e-01
7.426768541336059570e-01
4.931986331939697266e-02
7.150495052337646484e-02
1.104769706726074219e-01
-3.217604160308837891e-01
3.833566904067993164e-01
9.044338464736938477e-01
8.017402887344360352e-01
7.324410676956176758e-01
9.566937685012817383e-01
6.491189002990722656e-01
8.665192127227783203e-01
2.818750143051147461e-01
-1.728057861328125000e-01
3.009355068206787109e-02
-1.038266181945800781e+00
-1.145647287368774414e+00
-1.722098708152770996e+00
-3.888256549835205078e-01
-1.797942519187927246e+00
-1.272635459899902344e-01
3.638159036636352539e-01
8.056700229644775391e-01
5.324279069900512695e-01
5.880951881408691406e-01
6.007937192916870117e-01
-3.758096694946289062e-02
5.660699605941772461e-01
5.562711954116821289e-01
6.069099903106689453e-01
-9.327924251556396484e-02
-1.413329839706420898e-01
1.908750534057617188e-01
5.230653285980224609e-02
-1.506849050521850586e+00
-4.274232387542724609e-01
-1.077557682991027832e+00
1.530969142913818359e-02
4.191623926162719727e-01
1.148716568946838379e+00
8.795506954193115234e-01
9.728358983993530273e-01
-5.697315931320190430e-01
-6.474375724792480469e-03
6.740648746490478516e-01
8.231520652770996094e-02
-8.826561570167541504e-01
5.758047103881835938e-03
-2.974511384963989258e-01
-7.046115994453430176e-01
4.782546758651733398e-01
3.890753984451293945e-01
-4.830033779144287109e-01
-3.040044307708740234e-01
-1.336557984352111816e+00
-1.671458363533020020e+00
-6.062147021293640137e-01
-3.776541948318481445e-01
-2.164666652679443359e-01
-4.299476742744445801e-01
-3.266292214393615723e-01
-2.561022043228149414e-01
-9.491652250289916992e-02
1.539374589920043945e-01
-2.620905637741088867e-01
3.900529146194458008e-01
3.679851293563842773e-01
6.490449905395507812e-01
5.961278676986694336e-01
5.519083738327026367e-01
1.573671102523803711e-01
2.935302257537841797e-01
1.814544200897216797e-02
-4.981860518455505371e-01
8.089172840118408203e-02
-7.959443330764770508e-02
-1.734411716461181641e-02
2.669826745986938477e-01
-1.917576789855957031e-01
-1.602685451507568359e-02
3.993129730224609375e-01
7.959624528884887695e-01
1.009474873542785645e+00
1.124346852302551270e+00
1.203636050224304199e+00
1.103704810142517090e+00
5.198134183883666992e-01
5.002558231353759766e-01
2.288039922714233398e-01
-4.791653156280517578e-02
1.764544248580932617e-01
6.585032939910888672e-01
7.273153066635131836e-01
4.128503799438476562e-01
1.513465642929077148e-01
6.258176565170288086e-01
-7.848498821258544922e-01
-2.195245265960693359e+00
-2.343060016632080078e+00
-2.208850383758544922e+00
-1.866244792938232422e+00
